name: pdf-fpbr
channels:
  - conda-forge
  - defaults
dependencies:
  - boost-cpp=1.74.0=h9f4b32c_8
  - bzip2=1.0.8=h8ffe710_4
  - ca-certificates=2022.6.15=h5b45459_0
  - cairo=1.16.0=h0ac17fb_1012
  - expat=2.4.8=h39d44d4_0
  - font-ttf-dejavu-sans-mono=2.37=hab24e00_0
  - font-ttf-inconsolata=3.000=h77eed37_0
  - font-ttf-source-code-pro=2.038=h77eed37_0
  - font-ttf-ubuntu=0.83=hab24e00_0
  - fontconfig=2.14.0=hce3cb01_0
  - fonts-conda-ecosystem=1=0
  - fonts-conda-forge=1=0
  - freetype=2.12.1=h546665d_0
  - gettext=0.19.8.1=ha2e2712_1008
  - icu=70.1=h0e60522_0
  - jpeg=9e=h8ffe710_2
  - krb5=1.19.3=hc8ab02b_0
  - lcms2=2.12=h2a16943_0
  - lerc=4.0.0=h63175ca_0
  - libcurl=7.83.1=h789b8ee_0
  - libdeflate=1.13=h8ffe710_0
  - libffi=3.4.2=h8ffe710_5
  - libglib=2.72.1=h3be07f2_0
  - libiconv=1.16=he774522_0
  - libpng=1.6.37=h1d00b33_4
  - libsqlite=3.39.2=h8ffe710_1
  - libssh2=1.10.0=h9a1e1f7_3
  - libtiff=4.4.0=h92677e6_3
  - libzlib=1.2.12=h8ffe710_2
  - openjpeg=2.5.0=hc9384bd_1
  - openssl=3.0.5=h8ffe710_1
  - pcre=8.45=h0e60522_0
  - pip=22.2.2=pyhd8ed1ab_0
  - pixman=0.40.0=h8ffe710_0
  - poppler=22.04.0=hea5ffa9_2
  - poppler-data=0.4.11=hd8ed1ab_0
  - python=3.9.13=hcf16a7b_0_cpython
  - python_abi=3.9=2_cp39
  - setuptools=65.0.2=py39hcbf5309_0
  - sqlite=3.39.2=h8ffe710_1
  - tk=8.6.12=h8ffe710_0
  - tzdata=2022c=h191b570_0
  - ucrt=10.0.20348.0=h57928b3_0
  - vc=14.2=hb210afc_6
  - vs2015_runtime=14.29.30037=h902a5da_6
  - wheel=0.37.1=pyhd8ed1ab_0
  - xz=5.2.6=h8d14728_0
  - zstd=1.5.2=h7755175_4
  - pip:
    - deprecation==2.1.0
    - img2pdf==0.4.4
    - lxml==4.9.1
    - packaging==21.3
    - pdf2image==1.16.0
    - pikepdf==5.4.2
    - pillow==9.2.0
    - pyparsing==3.0.9
    - pypdf2==2.10.2
    - typing-extensions==4.3.0
prefix: C:\Users\joao.fogo\.conda\envs\pdf-fpbr
